Precision: 0.9793205317577548
Recall: 0.9807692307692307
F1 Score: 0.9800443458980044
